0.9143476305290634 -0.11041160423493418 0.9006009515675398
0.9408755871420084 -0.07688209563121515 0.9286214435288288
0.9664710584873197 -0.04607805652076506 0.9559613496409052
1.000013061924245 -0.007158779039982193 0.9929014027992474
1.0247419628448255 0.0194288037992809 1.0198227990389146
1.0494188606988846 0.04493739271852893 1.0470607886018997
1.0804849214642218 0.07571583549218898 1.081927771357054

0.9088990537308441 -0.05952835012232512 0.9006009515675398
0.937444403055573 -0.042746710008221035 0.9286214435288288
0.9652257118066792 -0.02577171408023302 0.9559613496409052
0.9996498290332773 -0.0052894096267460935 0.9929014027992474
1.023591560802793 0.009264101912903226 1.0198227990389146
1.0478419734891091 0.023299488093699295 1.0470607886018997
1.077254010655137 0.0405383123554351 1.081927771357054
