0.9409329451701735 -0.0585616287211151 0.945021552171721
0.9605318255623466 -0.03957436362965004 0.9621406178349418
0.9825582162178479 -0.020435043952357318 0.9801280724963226
1.001558806374695 -0.0026216150155813135 0.9975236317853821
1.0214709013519834 0.01649936740105908 1.0169038678523186
1.0416394757176242 0.03282312687025184 1.034068614767082
1.0589344307193884 0.049808772375980116 1.0525441483010616

0.9832786396335033 -0.010427886882330071 0.945021552171721
0.9893249500742692 -0.009434724792011332 0.9621406178349418
0.9938174731390448 -0.006388454585600828 0.9801280724963226
1.0002981814768763 -0.004310992038028858 0.9975236317853821
1.0049566892681017 0.00023723178694073875 1.0169038678523186
1.009675566912119 0.00383094810628179 1.034068614767082
1.0146974899969243 0.00686520630967556 1.0525441483010616
