0.7291887903304205 -0.34528881765035796
0.8244219785948185 -0.2550832571302304
0.9143476305290495 -0.11041160423493314
1.0000130619242187 -0.007158779039981225
1.0804849214641818 0.07571583549218855
1.1561414261861154 0.14241141788657496
1.2262047211050573 0.19763426370739925

0.6833023810744075 -0.25164167987761077
0.8045937674183145 -0.12147552036689918
0.9088990537308312 -0.05952835012232483
0.9996498290333365 -0.005289409626745532
1.077254010655166 0.04053831235543496
1.1448773488067998 0.08007030603733666
1.2026834404777864 0.11349619329665238
