0.7282190688978816 -0.3587884763685405
0.8217955671284964 -0.25659571982807183
0.9119850918574086 -0.12692910195630358
0.9997213269436581 -0.0031175504544220262
1.0836131064574035 0.09706959875349137
1.1652077065543716 0.17546268940881857
1.242167256894229 0.23896852514461478

0.7135051564567252 -0.21812127689790722
0.8248596795551292 -0.11212032814342798
0.919684404137553 -0.05205056973465442
1.000476777137379 -0.0012493658657349224
1.0692793282234063 0.041121758601610554
1.1278290598596403 0.07704878864305802
1.1782242715508717 0.10765647428374718
