0.9119850918574072 -0.04932193515234932 0.9530567590512559
0.9391510222131303 -0.05266616224925651 0.9530082334915043
0.9650254690663328 -0.057434473520678764 0.9521135205545196
0.9997213269436549 -0.003117550454418797 0.996898048155069
1.0255812701366653 0.029904161835768484 1.0308330114591036
1.0507890549558028 0.05977119802752091 1.063576508809694
1.0836131064574528 0.09706959875349168 1.107509094650855

0.9196844041375559 -0.052050569734654294 0.9530567590512559
0.9456631274636828 -0.035568155410225524 0.9530082334915043
0.9699929623131852 -0.02054238735287194 0.9521135205545196
1.0004767771373742 -0.0012493658657346095 0.996898048155069
1.0220952554254545 0.01235003365415482 1.0308330114591036
1.0432968208478084 0.02499199055100553 1.063576508809694
1.0692793282235142 0.04112175860161066 1.107509094650855
